42,4
42,3
42,2
42,1
42,0
40,4
40,3
40,2
40,1
40,0
38,4
38,3
38,2
38,1
38,0
36,4
36,3
36,2
36,1
36,0
34,4
34,3
34,2
34,1
34,0
32,4
32,3
32,2
32,1
32,0
30,4
30,3
30,2
30,1
28,6
28,5
28,4
28,3
28,1
28,0
26,4
26,3
26,1
24,3
24,1
23,3
23,1
20,2
20,1
12,3
12,2
20,3
12,1
11,3
19,2
11,2
19,1
19,3
18,1
11,1
10,3
10,2
10,1
9,3
18,3
9,2
14,1
9,1
8,3
14,3
8,2
8,1
3,3
3,2
13,1
3,1
13,3
0,410
2,2
0,394
2,1
0,273
2,3
0,270
0,9
0,0
47,34
47,33
47,32
47,31
47,30
47,29
47,28
47,27
47,26
47,25
47,24
47,23
47,22
47,21
47,20
47,19
47,18
